4.0266
3.5189
3.6368
4.4921
3.0654
3.6291
3.9730
4.5619
4.4959
4.7704
2.6270
4.7769
4.5483
3.3238
4.5475
4.3270
3.9385
4.3073
4.2807
4.1837
3.8995
3.4778
4.1017
4.7529
4.0855
4.1662
5.2206
4.5160
4.8589
3.2791
4.6463
3.5604
3.9551
3.0209
3.4843
5.0658
5.1033
3.1259
5.0391
4.0441
4.6168
3.2890
3.8598
3.9711
3.7071
4.4606
3.7452
3.8356
4.3824
4.6544
4.1635
3.8660
4.1777
3.7183
4.2791
3.3310
3.6911
4.3706
3.0918
4.9587
4.4298
3.5140
4.3133
3.6402
4.2904
4.2486
3.8303
3.4894
4.0943
3.6640
4.2661
3.3315
4.6743
4.0472
4.9948
3.3541
4.4533
3.9701
4.5693
4.4252
4.0266
4.3577
3.8636
3.9672
4.4528
3.5997
4.6351
4.7817
4.2622
3.6747
4.1315
3.1514
3.7929
4.5444
3.9660
3.0932
4.4456
4.8132
3.3341
3.9873
3.4575
4.7632
3.9455
4.5191
3.7193
4.3094
4.2596
3.2792
4.5539
4.9707
3.4731
3.2711
3.6758
3.4273
4.0790
4.2856
3.4285
4.0201
2.8029
4.2267
4.4731
3.9791
3.8971
4.2317
4.4320
4.0364
4.2879
3.6796
4.3246
3.4418
5.0388
4.4231
3.3428
3.8857
2.6127
4.3239
3.8952
4.6577
3.9570
3.9416
4.5111
3.7756
4.5408
3.7824
3.6543
3.5555
4.2208
3.2385
4.5759
3.1215
3.6328
3.4299
4.0117
4.5741
4.5970
4.2170
4.3329
4.7383
3.6819
4.1210
3.8973
3.6322
3.5934
3.1660
3.6837
3.3313
5.0742
4.0594
3.8328
3.8310
3.9867
4.1485
5.0502
3.2950
3.1148
3.0318
3.5623
4.5199
5.2182
2.9643
3.2659
3.5070
4.4344
4.4504
4.0985
3.4914
3.8544
4.3739
3.9032
4.2897
5.1289
4.4879
4.0112
2.7362
3.7935
3.1602
4.7141
3.6867
3.2254
4.6111
4.9483
4.4328
4.0061
3.6233
3.8630
4.1935
4.5127
3.2326
3.6144
4.2569
4.0883
3.5953
4.2585
3.9113
5.2048
4.4733
4.4411
4.2423
3.0956
4.6936
4.0821
4.3743
4.4666
3.0956
4.1536
4.1961
4.4056
3.9045
4.3329
4.7383
3.6819
4.1210
3.8973
3.6322
4.4512
3.9822
4.1828
2.4994
3.9085
3.8164
3.0819
3.1731
3.1747
4.8581
4.4528
4.4794
3.8645
4.7526
4.7536
3.7699
4.6949
4.8383
3.3254
4.3791
4.4487
4.3075
4.6248
3.6647
4.1539
2.7370
3.7711
4.5432
4.5714
3.0972
3.2217
4.3221
3.3929
4.5645
3.7197
5.3549
3.8398
4.7703
3.2826
4.2712
3.9122
3.8085
3.4040
3.9476
4.6281
3.9426
4.2998
5.4608
3.8294
3.3565
3.5936
2.6309
3.5246
3.9611
3.7159
4.1966
4.3986
4.3338
3.4638
3.9790
3.7973
3.2685
3.8832
3.5492
3.9874
2.7475
3.1481
4.5847
4.6691
3.6953
3.7987
4.6010
3.9327
4.1184
4.3126
3.9286
3.3749
3.7282
3.5474
4.5062
4.8616
3.8616
4.2584
4.6448
3.8699
5.4043
4.1310
4.8903
4.7508
3.7376
4.4292
4.2092
3.5786
4.1017
3.6868
4.4780
5.1902
3.9633
4.0661
4.0930
3.5292
4.8056
3.7559
4.3517
4.0712
2.9883
4.6644
4.3745
3.6598
4.8507
3.1889
3.7475
2.8989
3.8960
3.7239
3.1395
4.4790
2.6428
4.6011
3.7556
4.5354
3.0802
4.0027
3.2027
3.8655
4.1129
3.4483
3.3684
4.1376
3.2141
3.7013
4.3008
4.3476
4.0410
3.9866
3.9071
3.8275
2.6181
3.2393
3.8435
4.2015
3.1333
4.3770
4.3404
4.1472
4.0138
3.8954
3.8157
4.3152
5.0064
3.6866
3.0525
4.5790
3.3336
3.9011
4.2524
4.0962
4.6046
3.8911
3.4903
4.1079
3.6093
3.3561
4.8371
3.8914
3.8181
3.6524
4.3068
4.5975
3.2428
4.0587
4.7125
4.3280
3.7278
3.7115
4.7543
3.7332
3.8213
4.4554
4.2192
3.9874
3.0393
2.9123
4.2205
4.3862
3.2182
4.7073
3.9946
4.4457
3.7117
4.0996
4.1870
4.3906
3.5842
3.9332
3.2306
4.3352
3.1034
3.4562
3.6029
4.6582
3.3393
4.1327
3.5699
4.3640
5.0638
4.5615
3.9543
3.7102
3.5737
3.6961
3.9225
4.1340
3.9203
3.4127
3.9158
5.1321
3.4232
3.0105
3.9731
3.6940
3.6038
3.8964
3.6540
2.8290
4.0412
4.2799
3.1123
3.8188
3.6365
4.4779
4.5469
3.2887
3.4717
4.2351
3.9769
2.8166
3.7256
4.1981
4.1000
4.0536
3.8832
4.1463
3.9129
4.7816
3.7785
4.4308
3.2415
5.0138
4.2241
3.0191
4.3470
3.9456
4.4312
3.8958
4.0253
4.3322
4.3559
5.1730
3.5986
3.7731
3.6278
3.5263
4.1244
5.1825
5.0321
5.0749
4.8369
3.7736
3.1863
3.9607
2.9583
3.8143
3.0654
3.8161
3.7138
4.4301
4.2120
3.4509
3.6576
4.4406
4.2124
3.3665
3.5041
4.1237
4.2657
4.9941
4.5049
4.4718
3.6508
3.9479
3.6106
3.7912
3.6104
3.7536
4.6645
4.0120
3.7992
4.7110
3.9381
5.2732
3.4391
3.7122
4.2890
3.3061
3.2217
4.0850
4.6100
3.7778
4.6283
3.7239
5.0230
5.2615
4.0595
3.9295
4.8760
4.0502
4.6064
4.6027
4.0172
4.1643
4.1032
4.2316
4.2050
3.9128
4.5800
4.0692
3.3288
2.6276
3.8734
3.6784
3.9822
3.4972
3.6821
4.7658
4.3023
2.8822
5.1705
3.4569
4.1511
3.9661
3.7997
3.1677
4.0720
4.5989
3.7745
4.1970
3.4332
5.3200
3.9825
3.2551
4.5627
3.5990
4.7923
3.7180
4.8629
3.6417
2.6601
4.6914
4.6541
4.5395
4.8317
3.9591
3.7138
4.2423
2.7476
3.7383
3.8093
4.1719
3.9996
4.8830
4.0619
3.2595
4.3722
3.9695
3.7992
4.7809
4.4696
4.7718
4.3761
5.2966
3.4307
4.3109
4.4535
3.4877
5.0929
4.7916
3.6293
3.4830
4.3954
4.4077
4.5460
4.1365
3.8254
4.8134
3.7470
4.1093
3.9297
4.2875
3.1075
3.9637
4.4169
4.1834
4.0851
4.1394
3.9026
4.4184
4.3466
3.4740
4.1197
4.6279
4.3664
3.2351
3.6972
4.2289
3.5397
4.2673
4.3501
4.2607
5.0604
3.3571
4.2508
3.9574
4.0704
2.9429
3.6387
4.8311
4.1841
3.3518
4.7311
3.3961
4.3912
4.0866
3.4681
3.5681
4.5030
4.6050
3.5135
3.9832
4.2863
3.9751
3.6787
4.1880
5.1531
4.4301
3.5771
4.1936
3.0308
4.7245
4.9589
4.2815
4.5473
3.7031
5.0142
3.6605
3.7896
4.2997
4.3822
3.6642
3.9985
3.8077
4.2290
4.3453
4.2676
3.0358
5.3585
3.4827
3.7509
4.1240
3.7138
4.1578
4.5891
4.6654
3.1064
4.3995
4.0154
3.1430
3.6698
4.0099
4.2716
3.4924
4.2688
4.2848
3.8401
4.0360
3.9193
4.5758
2.8509
4.8675
3.7512
3.9206
4.6736
3.5599
3.6050
4.7049
3.0388
4.0622
4.3521
3.7831
4.0771
4.8044
3.5087
4.5257
4.9769
4.0036
3.7649
3.8634
3.4681
4.3327
3.7222
3.9524
3.6559
3.9757
4.5715
3.5933
4.0066
3.7604
4.1649
3.8805
4.2663
3.3649
3.0334
3.5316
4.2785
2.6438
3.8809
2.9161
4.0701
3.8110
4.1015
4.1370
4.2920
4.6847
4.1075
3.3729
3.2680
3.8007
3.6565
4.2942
3.3050
4.2829
4.4257
3.6091
3.8785
4.0706
3.8485
4.0884
3.9205
4.3227
3.1944
4.5133
4.6711
3.5846
5.1088
4.5696
3.4428
3.2786
4.5625
4.0806
4.9539
4.7054
3.0732
2.6278
4.1875
4.3200
4.6365
3.9677
5.0109
3.4676
3.9045
4.1199
4.1176
4.7073
4.2438
3.8979
2.9925
4.1751
3.5468
4.4986
3.3970
4.0912
4.5355
4.0544
4.6975
3.9999
3.3320
4.9347
4.2886
3.1604
4.5427
3.2620
4.8063
4.8441
3.7849
3.4240
3.3864
3.7128
4.4023
3.5551
3.7114
4.5723
3.5885
4.5970
3.8283
3.4818
4.9899
3.9261
4.6013
3.7945
3.6215
3.6290
3.6881
3.6876
3.7630
4.5489
3.4115
3.7134
5.2046
4.3208
4.7221
4.0576
3.8456
4.0213
4.3030
4.5619
3.6487
4.0608
4.3598
3.6817
3.3979
3.1473
3.8848
3.3545
3.3343
4.0839
3.9638
3.9189
3.7597
3.8686
3.2710
4.3987
3.7338
3.6304
4.0495
3.3629
4.7743
3.4485
4.3878
4.3247
3.1076
3.2528
3.7798
3.2806
3.6645
3.9079
3.2297
3.2100
3.8939
3.7238
4.0709
3.6602
3.9079
4.5430
3.5327
3.4285
4.2662
3.8535
4.4904
3.1848
4.1134
2.8484
3.7323
3.7351
4.5986
4.0243
3.7216
4.2010
3.5504
3.8912
3.9763
4.5829
3.1658
4.7898
3.3695
3.9752
3.5136
4.0546
5.1790
3.9908
3.1082
3.2956
4.5961
4.7711
5.0113
3.7837
4.1458
5.1589
3.5973
3.2762
4.3013
4.1492
3.4818
3.1932
3.1894
4.4263
3.5456
3.9879
4.4842
4.3880
4.7596
3.1858
4.2979
3.9511
5.0236
4.8481
4.5208
4.9302
4.6628
3.0330
3.8826
4.6240
3.9589
3.8954
3.9827
3.4549
4.4574
3.6422
4.1833
4.3780
4.5659
3.7121
3.8609
3.5232
3.3275
4.7564
3.8842
4.2917
3.2681
4.6850
4.7790
3.9034
2.6665
3.9810
4.0312
3.7955
4.9871
4.1825
4.0467
4.6913
4.7377
3.8666
3.5738
3.2064
3.5575
3.9580
3.2310
4.5002
4.1635
4.6858
5.3906
4.4836
3.7397
3.7612
3.0919
3.9233
4.0791
4.1931
4.1773
4.7580
3.9878
3.4872
2.6439
4.3203
4.4578
4.0966
3.8675
3.6366
4.2610
3.5762
4.3421
3.9121
3.6539
2.9866
3.9394
3.8572
3.4379
4.7057
3.8416
3.5774
3.4371
4.8044
4.0306
4.1992
3.8994
3.6405
4.2692
3.3103
3.0531
3.1225
4.7811
3.2985
4.2038
4.1749
3.9684
4.4503
3.9271
5.5438
4.7195
4.6432
4.6341
3.8902
4.2292
4.2571
4.2279
3.7477
4.0101
3.0126
4.7632
4.4624
3.5629
2.9834
2.9876
3.8741
4.3494
3.0127
4.5863
4.2631
5.1680
3.4171
3.7800
4.3703
4.7656
4.0101
4.5558
3.3914
3.5810
2.5025
3.4010
4.2026
3.9085
3.8645
2.8294
4.6279
5.2143
3.9659
4.3893
4.4599
3.6898
3.5302
4.8618
3.3789
4.0498
3.1122
3.8060
4.9122
4.7508
4.5522
4.8170
3.8255
3.2774
3.8049
4.4896
4.6272
3.1228
4.5327
4.0287
3.8011
4.0248
3.7652
3.0158
3.7937
4.3395
4.0881
3.9293
4.1382
2.4987
4.5665
4.8196
3.9117
2.5062
4.6600
4.4101
4.6772
4.0316
4.9137
3.5039
3.9863
3.9901
4.2550
2.5129
4.8266
4.3172
4.5206
3.2284
2.7216
3.8219
4.5612
3.7540
4.2665
3.6264
3.4081
3.7637
3.9499
4.3718
4.1709
3.9299
3.7829
3.7788
4.7136
5.2324
4.0803
3.4487
3.3403
5.1774
4.1686
5.1939
4.5768
3.1578
4.1304
2.4464
3.2745
5.4514
3.7631
3.7062
4.4729
3.9500
4.3263
3.9062
3.5676
4.0309
5.0062
4.1476
4.3780
3.6706
4.0083
4.5216
4.2568
4.2080
4.7127
5.0481
3.1666
4.6631
3.5413
3.8389
3.8543
4.3699
4.1418
5.0874
5.3963
4.8495
4.2838
3.2262
3.4107
3.4718
2.8641
3.7766
4.1037
3.7304
4.0753
3.9528
4.2773
4.5335
3.5872
3.8183
5.3275
3.9323
4.3276
4.6088
4.2027
4.0663
3.9700
4.0270
3.8034
4.5763
4.7663
4.2510
3.5185
2.7899
4.3087
3.6216
4.4037
3.7282
4.2797
4.6477
4.0398
4.3597
3.9862
4.0462
3.5513
3.6475
4.0138
4.0051
4.3922
3.0336
3.6318
3.8903
3.3674
4.1476
4.2139
4.6268
3.9595
3.4692
3.0941
4.9617
3.1152
2.9751
3.5514
4.6298
4.5539
3.8510
4.3092
4.8770
3.2359
3.6963
3.8580
2.9123
3.4059
3.6483
4.3689
4.6178
3.0814
3.4511
3.6725
4.1320
3.6692
5.0253
3.7249
3.7433
3.9351
3.4743
3.9648
3.8806
4.0208
4.7227
4.7792
3.5706
3.2956
4.0519
3.3975
4.9091
4.4077
4.8830
3.0157
3.0397
3.6692
3.6016
4.8329
5.0117
4.3224
4.9524
4.3412
3.4218
4.0870
4.7635
3.3074
5.0629
3.7160
3.5287
3.9507
3.7152
4.6999
3.6537
4.8020
4.9326
5.2094
3.7133
3.6700
4.9242
4.6779
3.8723
3.0635
4.1853
3.6441
3.9184
3.8846
4.1517
3.7837
4.4222
4.4557
4.1409
4.8503
4.1213
4.4973
4.7553
4.5129
2.9102
3.9734
4.1845
4.4614
3.6115
3.7359
4.0251
4.9504
3.4595
4.9358
3.9476
4.3281
4.8404
4.1178
3.8723
4.0522
2.5648
3.7580
4.1878
4.8081
2.8194
4.0625
4.1991
4.0988
4.2632
4.1879
5.3358
3.6435
3.3446
3.5968
3.7789
4.2982
4.4298
3.5411
2.7740
4.2146
3.9567
4.2726
3.4593
3.6120
3.6118
4.3670
3.9183
3.7949
4.1262
4.3070
4.1589
3.9094
3.8099
3.6386
5.4073
3.2835
4.5453
4.7142
2.8424
3.9545
4.1371
4.3167
3.8639
3.6267
3.8472
3.9902
2.8860
4.5358
4.7754
5.2307
4.8367
3.4126
4.9715
4.0710
4.4561
4.5443
4.9503
4.0562
3.5063
4.0770
3.3703
4.8103
4.3553
4.2340
4.3650
4.5489
4.0209
4.0224
3.8742
3.2340
4.4121
3.3177
4.2915
3.9428
5.0975
3.3316
3.1660
4.5703
3.7932
4.1580
4.2829
4.4144
4.2170
3.1592
4.0624
4.2428
3.7428
4.2656
3.4712
4.0520
4.3512
3.7941
3.6033
3.0566
3.7740
3.7707
5.1380
3.9556
3.8400
4.1397
4.3362
4.4318
3.4090
4.6694
3.8831
3.9647
3.2651
3.1380
4.6555
2.8802
3.4953
3.5451
4.0368
4.9193
3.8464
4.2104
2.8475
3.8501
3.7095
4.1967
2.9343
4.2738
3.2475
4.5503
5.1380
3.9011
3.5502
4.8994
3.1735
3.1475
3.7100
3.5814
4.1368
4.4513
3.1869
4.6006
3.4489
4.0388
4.5317
2.7330
3.9915
2.7716
3.5473
3.8905
4.3495
2.8825
3.7149
4.4856
4.2454
3.8305
4.1239
4.2177
5.0377
3.9746
3.3054
3.7791
4.4551
2.9946
3.8368
4.1496
3.7974
4.2783
4.3131
4.7083
3.0951
3.6570
4.3041
3.8571
4.2758
3.7486
3.5513
4.0515
3.9067
3.1044
2.3671
3.0279
3.8382
4.2861
4.7434
3.9627
4.2700
4.9485
3.9770
4.6562
3.4279
4.9328
3.5965
3.4856
3.5326
2.6741
3.4050
3.0035
3.4853
3.7950
3.4801
4.6739
4.5787
4.5400
3.7460
3.7766
4.4760
3.7311
3.7876
4.9887
3.5554
3.9606
4.6654
4.2445
5.1370
4.4364
4.6495
3.0829
4.3404
4.6390
3.8035
4.4877
4.3589
4.5236
4.3307
4.1421
4.4958
3.6019
3.2605
4.3009
4.8215
4.7453
3.9023
4.0715
3.7946
4.2321
5.5070
3.3232
3.7914
4.1862
3.3630
4.3988
2.9833
2.7425
4.4548
3.4225
3.9149
4.0331
3.9471
2.6993
3.1192
4.2175
4.5496
4.8048
4.3922
4.8663
3.6217
3.4569
3.9346
3.4966
3.7133
4.3460
3.6732
4.1466
3.3368
3.5682
4.5884
4.0659
3.2802
3.8700
3.7513
4.3719
3.8763
4.3154
3.9290
3.6554
4.3239
4.7330
3.7077
3.8593
4.1773
3.4752
3.7167
3.6125
3.7506
5.1859
4.2806
3.8791
2.5383
4.0070
4.1284
4.4294
4.1490
4.8795
3.6764
4.4456
4.2202
4.2379
3.4898
4.3618
3.1768
4.0605
4.1802
3.8667
3.2403
4.0220
4.5023
3.1783
4.0029
3.2016
4.1833
4.0040
3.3946
3.5854
4.3318
4.6018
3.9081
3.9655
3.7509
4.2458
3.3576
3.9134
3.9358
3.9312
3.4732
3.9484
3.2690
3.6721
4.8216
3.6590
4.5941
4.2634
3.7554
4.7436
4.5163
3.9246
3.7730
3.4918
3.7085
5.0077
3.0822
4.0641
3.0532
3.6887
3.5774
4.7440
5.0566
4.7021
4.2372
4.9187
3.6202
4.9194
3.7647
4.3561
3.4449
2.8884
4.2812
4.1152
3.5723
4.2769
5.0954
4.5212
3.5038
4.9450
4.4220
3.1270
3.3101
4.0538
3.9584
4.3449
4.3728
4.2582
3.8159
3.8719
4.4238
5.2208
4.1956
3.2165
3.9456
3.6967
4.3333
3.3956
4.7431
3.7423
4.7520
4.7151
4.1064
4.7148
4.7275
3.8847
3.6874
4.2837
4.0695
4.2787
4.0048
3.0000
3.0046
4.2531
3.9638
4.3392
3.7242
3.4773
4.0268
3.3190
3.5762
4.9347
3.6158
4.8317
3.6820
3.8094
4.1335
4.3331
3.5190
3.2368
4.9291
3.7216
3.4142
4.2397
4.3435
4.1710
4.2894
3.8099
3.8725
4.6285
4.2428
3.7161
3.2408
4.1541
4.6347
3.9920
2.9651
4.1301
4.4192
3.0685
3.5913
4.3143
3.0010
4.3269
4.0212
4.1650
4.4065
4.0853
3.2129
4.8528
4.5232
4.8129
3.7903
3.8140
3.6889
5.1960
3.5781
3.6456
4.0196
3.6341
3.6510
3.9636
4.5389
3.6838
4.9237
4.4332
4.1590
3.7691
3.6836
4.5878
4.5572
3.7316
5.0621
3.6100
4.1355
4.3719
4.2411
3.6975
4.2040
4.5327
3.5247
4.0959
3.2785
4.2247
3.5258
4.2610
4.0070
5.3404
4.0645
3.2319
3.6362
5.0196
3.3672
4.0551
4.6265
3.9628
4.7347
3.9412
4.1191
4.4149
4.6672
4.4856
3.9686
5.2524
4.0219
4.4376
3.3465
3.8027
4.4431
3.5042
3.7870
3.6928
2.9674
4.3242
3.6452
3.6062
3.8006
4.5823
4.9297
3.1836
3.4279
2.9853
4.0114
3.9614
2.9278
4.0635
3.0688
4.6907
4.3502
3.8262
3.2514
3.4226
3.2482
3.9831
4.1669
4.0379
4.5805
5.0302
4.5562
4.1752
3.9054
4.2836
4.4637
3.2918
4.1997
3.9057
3.8105
3.2548
3.8130
3.6847
4.5492
4.0235
3.7654
3.1535
4.0559
4.3297
3.1427
3.2260
3.9170
4.4326
3.1852
4.0039
3.2176
4.0305
2.8297
4.6411
4.1122
4.5331
3.9946
3.8931
4.1723
4.8038
4.0612
5.2821
3.7042
2.8031
4.5473
3.8666
3.7328
4.0334
3.9393
5.0621
3.1496
4.6836
4.6797
4.6752
3.3154
4.2653
4.1371
3.7450
4.0166
3.5091
4.5151
4.1777
3.7512
5.0335
3.5190
4.1145
4.0836
3.9965
4.5555
3.5001
4.9998
4.9266
4.2065
2.9569
4.1162
4.2977
4.1940
4.2036
2.9705
3.0026
4.1170
4.5404
2.7074
4.2338
4.0297
3.2275
4.0146
3.9938
3.8285
3.5703
3.8406
3.8243
4.3110
3.9747
3.5700
2.9377
4.2052
4.5386
5.0816
5.1644
3.3663
4.8243
4.4207
3.6717
4.3710
4.5789
3.4631
3.0476
3.4039
3.8653
3.4500
2.5689
3.6850
4.9645
4.2620
4.2225
3.8998
3.8670
3.6187
4.8836
3.3542
4.4600
4.9068
5.2950
3.8679
2.9410
5.0654
4.3718
3.4562
4.4243
3.3862
4.2150
2.8546
4.1916
2.7217
5.3660
3.8117
5.4254
4.1019
3.4984
4.4394
4.0317
3.8345
4.7385
4.2117
2.9684
4.6734
4.0187
5.1181
3.9288
4.9239
3.5433
4.2488
3.8266
3.3016
3.6391
2.8809
3.4904
3.4179
4.2351
3.3723
4.7951
3.5309
4.3728
3.3556
4.4632
3.6063
4.3206