2.3671
2.4464
2.4987
2.4994
2.5025
2.5062
2.5129
2.5383
2.5648
2.5689
2.6127
2.6181
2.627
2.6276
2.6278
2.6309
2.6428
2.6438
2.6439
2.6601
2.6665
2.6741
2.6993
2.7074
2.7216
2.7217
2.733
2.7362
2.737
2.7425
2.7475
2.7476
2.7716
2.774
2.7899
2.8029
2.8031
2.8166
2.8194
2.829
2.8294
2.8297
2.8424
2.8475
2.8484
2.8509
2.8546
2.8641
2.8802
2.8809
2.8822
2.8825
2.886
2.8884
2.8989
2.9102
2.9123
2.9123
2.9161
2.9278
2.9343
2.9377
2.941
2.9429
2.9569
2.9583
2.9643
2.9651
2.9674
2.9684
2.9705
2.9751
2.9833
2.9834
2.9853
2.9866
2.9876
2.9883
2.9925
2.9946
3.0
3.001
3.0026
3.0035
3.0046
3.0105
3.0126
3.0127
3.0157
3.0158
3.0191
3.0209
3.0279
3.0308
3.0318
3.033
3.0334
3.0336
3.0358
3.0388
3.0393
3.0397
3.0476
3.0525
3.0531
3.0532
3.0566
3.0635
3.0654
3.0654
3.0685
3.0688
3.0732
3.0802
3.0814
3.0819
3.0822
3.0829
3.0918
3.0919
3.0932
3.0941
3.0951
3.0956
3.0956
3.0972
3.1034
3.1044
3.1064
3.1075
3.1076
3.1082
3.1122
3.1123
3.1148
3.1152
3.1192
3.1215
3.1225
3.1228
3.1259
3.127
3.1333
3.138
3.1395
3.1427
3.143
3.1473
3.1475
3.1481
3.1496
3.1514
3.1535
3.1578
3.1592
3.1602
3.1604
3.1658
3.166
3.166
3.1666
3.1677
3.1731
3.1735
3.1747
3.1768
3.1783
3.1836
3.1848
3.1852
3.1858
3.1863
3.1869
3.1889
3.1894
3.1932
3.1944
3.2016
3.2027
3.2064
3.21
3.2129
3.2141
3.2165
3.2176
3.2182
3.2217
3.2217
3.2254
3.226
3.2262
3.2275
3.2284
3.2297
3.2306
3.231
3.2319
3.2326
3.234
3.2351
3.2359
3.2368
3.2385
3.2393
3.2403
3.2408
3.2415
3.2428
3.2475
3.2482
3.2514
3.2528
3.2548
3.2551
3.2595
3.2605
3.262
3.2651
3.2659
3.268
3.2681
3.2685
3.269
3.271
3.2711
3.2745
3.2762
3.2774
3.2785
3.2786
3.2791
3.2792
3.2802
3.2806
3.2826
3.2835
3.2887
3.289
3.2918
3.295
3.2956
3.2956
3.2985
3.3016
3.305
3.3054
3.3061
3.3074
3.3101
3.3103
3.3154
3.3177
3.319
3.3232
3.3238
3.3254
3.3275
3.3288
3.331
3.3313
3.3315
3.3316
3.332
3.3336
3.3341
3.3343
3.3368
3.3393
3.3403
3.3428
3.3446
3.3465
3.3518
3.3541
3.3542
3.3545
3.3556
3.3561
3.3565
3.3571
3.3576
3.3629
3.363
3.3649
3.3663
3.3665
3.3672
3.3674
3.3684
3.3695
3.3703
3.3723
3.3729
3.3749
3.3789
3.3862
3.3864
3.3914
3.3929
3.3946
3.3956
3.3961
3.397
3.3975
3.3979
3.401
3.4039
3.404
3.405
3.4059
3.4081
3.409
3.4107
3.4115
3.4126
3.4127
3.4142
3.4171
3.4179
3.4218
3.4225
3.4226
3.4232
3.424
3.4273
3.4279
3.4279
3.4285
3.4285
3.4299
3.4307
3.4332
3.4371
3.4379
3.4391
3.4418
3.4428
3.4449
3.4483
3.4485
3.4487
3.4489
3.45
3.4509
3.4511
3.4549
3.4562
3.4562
3.4569
3.4569
3.4575
3.4593
3.4595
3.4631
3.4638
3.4676
3.4681
3.4681
3.4692
3.4712
3.4717
3.4718
3.4731
3.4732
3.474
3.4743
3.4752
3.4773
3.4778
3.4801
3.4818
3.4818
3.4827
3.483
3.4843
3.4853
3.4856
3.4872
3.4877
3.4894
3.4898
3.4903
3.4904
3.4914
3.4918
3.4924
3.4953
3.4966
3.4972
3.4984
3.5001
3.5038
3.5039
3.5041
3.5042
3.5063
3.507
3.5087
3.5091
3.5135
3.5136
3.514
3.5185
3.5189
3.519
3.519
3.5232
3.5246
3.5247
3.5258
3.5263
3.5287
3.5292
3.5302
3.5309
3.5316
3.5326
3.5327
3.5397
3.5411
3.5413
3.5433
3.5451
3.5456
3.5468
3.5473
3.5474
3.5492
3.5502
3.5504
3.5513
3.5513
3.5514
3.5551
3.5554
3.5555
3.5575
3.5599
3.5604
3.5623
3.5629
3.5676
3.5681
3.5682
3.5699
3.57
3.5703
3.5706
3.5723
3.5737
3.5738
3.5762
3.5762
3.5771
3.5774
3.5774
3.5781
3.5786
3.581
3.5814
3.5842
3.5846
3.5854
3.5872
3.5885
3.5913
3.5933
3.5934
3.5936
3.5953
3.5965
3.5968
3.5973
3.5986
3.599
3.5997
3.6016
3.6019
3.6029
3.6033
3.6038
3.605
3.6062
3.6063
3.6091
3.6093
3.61
3.6104
3.6106
3.6115
3.6118
3.612
3.6125
3.6144
3.6158
3.6187
3.6202
3.6215
3.6216
3.6217
3.6233
3.6264
3.6267
3.6278
3.629
3.6291
3.6293
3.6304
3.6318
3.6322
3.6322
3.6328
3.6341
3.6362
3.6365
3.6366
3.6368
3.6386
3.6387
3.6391
3.6402
3.6405
3.6417
3.6422
3.6435
3.6441
3.6452
3.6456
3.6475
3.6483
3.6487
3.6508
3.651
3.6524
3.6537
3.6539
3.654
3.6543
3.6554
3.6559
3.6565
3.657
3.6576
3.659
3.6598
3.6602
3.6605
3.664
3.6642
3.6645
3.6647
3.6692
3.6692
3.6698
3.67
3.6706
3.6717
3.6721
3.6725
3.6732
3.6747
3.6758
3.6764
3.6784
3.6787
3.6796
3.6817
3.6819
3.6819
3.682
3.6821
3.6836
3.6837
3.6838
3.6847
3.685
3.6866
3.6867
3.6868
3.6874
3.6876
3.6881
3.6887
3.6889
3.6898
3.6911
3.6928
3.694
3.6953
3.6961
3.6963
3.6967
3.6972
3.6975
3.7013
3.7031
3.7042
3.7062
3.7071
3.7077
3.7085
3.7095
3.71
3.7102
3.7114
3.7115
3.7117
3.7121
3.7122
3.7128
3.7133
3.7133
3.7134
3.7138
3.7138
3.7138
3.7149
3.7152
3.7159
3.716
3.7161
3.7167
3.718
3.7183
3.7193
3.7197
3.7216
3.7216
3.7222
3.7238
3.7239
3.7239
3.7242
3.7249
3.7256
3.7278
3.7282
3.7282
3.7304
3.7311
3.7316
3.7323
3.7328
3.7332
3.7338
3.7351
3.7359
3.7376
3.7383
3.7397
3.7423
3.7428
3.7433
3.745
3.7452
3.746
3.747
3.7475
3.7477
3.7486
3.7506
3.7509
3.7509
3.7512
3.7512
3.7513
3.7536
3.754
3.7554
3.7556
3.7559
3.758
3.7597
3.7604
3.7612
3.763
3.7631
3.7637
3.7647
3.7649
3.7652
3.7654
3.7691
3.7699
3.7707
3.7711
3.773
3.7731
3.7736
3.774
3.7745
3.7756
3.7766
3.7766
3.7778
3.7785
3.7788
3.7789
3.7791
3.7798
3.78
3.7824
3.7829
3.7831
3.7837
3.7837
3.7849
3.787
3.7876
3.7896
3.7903
3.7912
3.7914
3.7929
3.7932
3.7935
3.7937
3.7941
3.7945
3.7946
3.7949
3.795
3.7955
3.7973
3.7974
3.7987
3.7992
3.7992
3.7997
3.8006
3.8007
3.8011
3.8027
3.8034
3.8035
3.8049
3.806
3.8077
3.8085
3.8093
3.8094
3.8099
3.8099
3.8105
3.811
3.8117
3.813
3.814
3.8143
3.8157
3.8159
3.8161
3.8164
3.8181
3.8183
3.8188
3.8213
3.8219
3.8243
3.8254
3.8255
3.8262
3.8266
3.8275
3.8283
3.8285
3.8294
3.8303
3.8305
3.831
3.8328
3.8345
3.8356
3.8368
3.8382
3.8389
3.8398
3.84
3.8401
3.8406
3.8416
3.8435
3.8456
3.8464
3.8472
3.8485
3.8501
3.851
3.8535
3.8543
3.8544
3.8571
3.8572
3.858
3.8593
3.8598
3.8609
3.8616
3.863
3.8634
3.8636
3.8639
3.8645
3.8645
3.8653
3.8655
3.866
3.8666
3.8666
3.8667
3.867
3.8675
3.8679
3.8686
3.8699
3.87
3.8719
3.8723
3.8723
3.8725
3.8734
3.8741
3.8742
3.8763
3.8785
3.8791
3.8805
3.8806
3.8809
3.8826
3.8831
3.8832
3.8832
3.8842
3.8846
3.8847
3.8848
3.8857
3.8902
3.8903
3.8905
3.8911
3.8912
3.8914
3.8931
3.8939
3.8952
3.8954
3.8954
3.8958
3.896
3.8964
3.8971
3.8973
3.8973
3.8979
3.8994
3.8995
3.8998
3.9011
3.9011
3.9023
3.9026
3.9032
3.9034
3.9045
3.9045
3.9054
3.9057
3.9062
3.9067
3.9071
3.9079
3.9079
3.9081
3.9085
3.9085
3.9094
3.9113
3.9117
3.9121
3.9122
3.9128
3.9129
3.9134
3.9149
3.9158
3.917
3.9183
3.9184
3.9189
3.9193
3.9203
3.9205
3.9206
3.9225
3.9233
3.9246
3.9261
3.9271
3.9286
3.9288
3.929
3.9293
3.9295
3.9297
3.9299
3.9312
3.9323
3.9327
3.9332
3.9346
3.9351
3.9358
3.9381
3.9385
3.9393
3.9394
3.9412
3.9416
3.9426
3.9428
3.9455
3.9456
3.9456
3.9471
3.9476
3.9476
3.9479
3.9484
3.9499
3.95
3.9507
3.9511
3.9524
3.9528
3.9543
3.9545
3.9551
3.9556
3.9567
3.957
3.9574
3.958
3.9584
3.9589
3.9591
3.9595
3.9606
3.9607
3.9611
3.9614
3.9627
3.9628
3.9633
3.9636
3.9637
3.9638
3.9638
3.9647
3.9648
3.9655
3.9659
3.966
3.9661
3.9672
3.9677
3.9684
3.9686
3.9695
3.97
3.9701
3.9711
3.973
3.9731
3.9734
3.9746
3.9747
3.9751
3.9752
3.9757
3.9763
3.9769
3.977
3.979
3.9791
3.981
3.9822
3.9822
3.9825
3.9827
3.9831
3.9832
3.9862
3.9863
3.9866
3.9867
3.9873
3.9874
3.9874
3.9878
3.9879
3.9901
3.9902
3.9908
3.9915
3.992
3.9938
3.9946
3.9946
3.9965
3.9985
3.9996
3.9999
4.0027
4.0029
4.0036
4.0039
4.004
4.0048
4.0051
4.0061
4.0066
4.007
4.007
4.0083
4.0099
4.0101
4.0101
4.0112
4.0114
4.0117
4.012
4.0138
4.0138
4.0146
4.0154
4.0166
4.0172
4.0187
4.0196
4.0201
4.0208
4.0209
4.0212
4.0213
4.0219
4.022
4.0224
4.0235
4.0243
4.0248
4.0251
4.0253
4.0266
4.0266
4.0268
4.027
4.0287
4.0297
4.0305
4.0306
4.0309
4.0312
4.0316
4.0317
4.0331
4.0334
4.036
4.0364
4.0368
4.0379
4.0388
4.0398
4.041
4.0412
4.0441
4.0462
4.0467
4.0472
4.0495
4.0498
4.0502
4.0515
4.0519
4.052
4.0522
4.0536
4.0538
4.0544
4.0546
4.0551
4.0559
4.0562
4.0576
4.0587
4.0594
4.0595
4.0605
4.0608
4.0612
4.0619
4.0622
4.0624
4.0625
4.0635
4.0641
4.0645
4.0659
4.0661
4.0663
4.0692
4.0695
4.0701
4.0704
4.0706
4.0709
4.071
4.0712
4.0715
4.072
4.0753
4.077
4.0771
4.079
4.0791
4.0803
4.0806
4.0821
4.0836
4.0839
4.085
4.0851
4.0853
4.0855
4.0866
4.087
4.0881
4.0883
4.0884
4.0912
4.093
4.0943
4.0959
4.0962
4.0966
4.0985
4.0988
4.0996
4.1
4.1015
4.1017
4.1017
4.1019
4.1032
4.1037
4.1064
4.1075
4.1079
4.1093
4.1122
4.1129
4.1134
4.1145
4.1152
4.1162
4.117
4.1176
4.1178
4.1184
4.1191
4.1197
4.1199
4.121
4.121
4.1213
4.1237
4.1239
4.124
4.1244
4.1262
4.1284
4.1301
4.1304
4.131
4.1315
4.132
4.1327
4.1335
4.134
4.1355
4.1365
4.1368
4.137
4.1371
4.1371
4.1376
4.1382
4.1394
4.1397
4.1409
4.1418
4.1421
4.1458
4.1463
4.1466
4.1472
4.1476
4.1476
4.1485
4.149
4.1492
4.1496
4.1511
4.1517
4.1536
4.1539
4.1541
4.1578
4.158
4.1589
4.159
4.1635
4.1635
4.1643
4.1649
4.165
4.1662
4.1669
4.1686
4.1709
4.171
4.1719
4.1723
4.1749
4.1751
4.1752
4.1773
4.1773
4.1777
4.1777
4.1802
4.1825
4.1828
4.1833
4.1833
4.1834
4.1837
4.1841
4.1845
4.1853
4.1862
4.187
4.1875
4.1878
4.1879
4.188
4.1916
4.1931
4.1935
4.1936
4.194
4.1956
4.1961
4.1966
4.1967
4.197
4.1981
4.1991
4.1992
4.1997
4.201
4.2015
4.2026
4.2027
4.2036
4.2038
4.204
4.205
4.2052
4.2065
4.208
4.2092
4.2104
4.2117
4.212
4.2124
4.2139
4.2146
4.215
4.217
4.217
4.2175
4.2177
4.2192
4.2202
4.2205
4.2208
4.2225
4.2241
4.2247
4.2267
4.2279
4.2289
4.229
4.2292
4.2316
4.2317
4.2321
4.2338
4.234
4.2351
4.2351
4.2372
4.2379
4.2397
4.2411
4.2423
4.2423
4.2428
4.2428
4.2438
4.2445
4.2454
4.2458
4.2486
4.2488
4.2508
4.251
4.2524
4.2531
4.255
4.2568
4.2569
4.2571
4.2582
4.2584
4.2585
4.2596
4.2607
4.261
4.261
4.262
4.2622
4.2631
4.2632
4.2634
4.2653
4.2656
4.2657
4.2661
4.2662
4.2663
4.2665
4.2673
4.2676
4.2688
4.2692
4.27
4.2712
4.2716
4.2726
4.2738
4.2758
4.2769
4.2773
4.2783
4.2785
4.2787
4.2791
4.2797
4.2799
4.2806
4.2807
4.2812
4.2815
4.2829
4.2829
4.2836
4.2837
4.2838
4.2848
4.2856
4.2861
4.2863
4.2875
4.2879
4.2886
4.289
4.2894
4.2897
4.2904
4.2915
4.2917
4.292
4.2942
4.2977
4.2979
4.2982
4.2997
4.2998
4.3008
4.3009
4.3013
4.3023
4.303
4.3041
4.3068
4.307
4.3073
4.3075
4.3087
4.3092
4.3094
4.3109
4.311
4.3126
4.3131
4.3133
4.3143
4.3152
4.3154
4.3167
4.3172
4.32
4.3203
4.3206
4.3208
4.3221
4.3224
4.3227
4.3239
4.3239
4.3242
4.3246
4.3247
4.3263
4.3269
4.327
4.3276
4.328
4.3281
4.3297
4.3307
4.3318
4.3322
4.3327
4.3329
4.3329
4.3331
4.3333
4.3338
4.3352
4.3362
4.3392
4.3395
4.3404
4.3404
4.3412
4.3421
4.3435
4.3449
4.3453
4.346
4.3466
4.347
4.3476
4.3494
4.3495
4.3501
4.3502
4.3512
4.3517
4.3521
4.3553
4.3559
4.3561
4.3577
4.3589
4.3597
4.3598
4.3618
4.364
4.365
4.3664
4.367
4.3689
4.3699
4.3703
4.3706
4.371
4.3718
4.3718
4.3719
4.3719
4.3722
4.3728
4.3728
4.3739
4.3743
4.3745
4.3761
4.377
4.378
4.378
4.3791
4.3822
4.3824
4.3862
4.3878
4.388
4.3893
4.3906
4.3912
4.3922
4.3922
4.3954
4.3986
4.3987
4.3988
4.3995
4.4023
4.4037
4.4056
4.4065
4.4077
4.4077
4.4101
4.4121
4.4144
4.4149
4.4169
4.4184
4.4192
4.4207
4.422
4.4222
4.4231
4.4238
4.4243
4.4252
4.4257
4.4263
4.4292
4.4294
4.4298
4.4298
4.4301
4.4301
4.4308
4.4312
4.4318
4.432
4.4326
4.4328
4.4332
4.4344
4.4364
4.4376
4.4394
4.4406
4.4411
4.4431
4.4456
4.4456
4.4457
4.4487
4.4503
4.4504
4.4512
4.4513
4.4528
4.4528
4.4533
4.4535
4.4548
4.4551
4.4554
4.4557
4.4561
4.4574
4.4578
4.4599
4.46
4.4606
4.4614
4.4624
4.4632
4.4637
4.4666
4.4696
4.4718
4.4729
4.4731
4.4733
4.476
4.4779
4.478
4.479
4.4794
4.4836
4.4842
4.4856
4.4856
4.4877
4.4879
4.4896
4.4904
4.4921
4.4958
4.4959
4.4973
4.4986
4.5002
4.5023
4.503
4.5049
4.5062
4.5111
4.5127
4.5129
4.5133
4.5151
4.516
4.5163
4.5191
4.5199
4.5206
4.5208
4.5212
4.5216
4.5232
4.5236
4.5257
4.5317
4.5327
4.5327
4.5331
4.5335
4.5354
4.5355
4.5358
4.5386
4.5389
4.5395
4.54
4.5404
4.5408
4.5427
4.543
4.5432
4.5443
4.5444
4.5453
4.546
4.5469
4.5473
4.5473
4.5475
4.5483
4.5489
4.5489
4.5492
4.5496
4.5503
4.5522
4.5539
4.5539
4.5555
4.5558
4.5562
4.5572
4.5612
4.5615
4.5619
4.5619
4.5625
4.5627
4.5645
4.5659
4.5665
4.5693
4.5696
4.5703
4.5714
4.5715
4.5723
4.5741
4.5758
4.5759
4.5763
4.5768
4.5787
4.5789
4.579
4.58
4.5805
4.5823
4.5829
4.5847
4.5863
4.5878
4.5884
4.5891
4.5941
4.5961
4.597
4.597
4.5975
4.5986
4.5989
4.6006
4.601
4.6011
4.6013
4.6018
4.6027
4.6046
4.605
4.6064
4.6088
4.61
4.6111
4.6168
4.6178
4.624
4.6248
4.6265
4.6268
4.6272
4.6279
4.6279
4.6281
4.6283
4.6285
4.6298
4.6341
4.6347
4.6351
4.6365
4.639
4.6411
4.6432
4.6448
4.6463
4.6477
4.6495
4.6541
4.6544
4.6555
4.6562
4.6577
4.6582
4.66
4.6628
4.6631
4.6644
4.6645
4.6654
4.6654
4.6672
4.6691
4.6694
4.6711
4.6734
4.6736
4.6739
4.6743
4.6752
4.6772
4.6779
4.6797
4.6836
4.6847
4.685
4.6858
4.6907
4.6913
4.6914
4.6936
4.6949
4.6975
4.6999
4.7021
4.7049
4.7054
4.7057
4.7073
4.7073
4.7083
4.711
4.7125
4.7127
4.7136
4.7141
4.7142
4.7148
4.7151
4.7195
4.7221
4.7227
4.7245
4.7275
4.7311
4.733
4.7347
4.7377
4.7383
4.7383
4.7385
4.7431
4.7434
4.7436
4.744
4.7453
4.7508
4.7508
4.752
4.7526
4.7529
4.7536
4.7543
4.7553
4.7564
4.758
4.7596
4.7632
4.7632
4.7635
4.7656
4.7658
4.7663
4.7703
4.7704
4.7711
4.7718
4.7743
4.7754
4.7769
4.779
4.7792
4.7809
4.7811
4.7816
4.7817
4.7898
4.7916
4.7923
4.7951
4.802
4.8038
4.8044
4.8044
4.8048
4.8056
4.8063
4.8081
4.8103
4.8129
4.8132
4.8134
4.817
4.8196
4.8215
4.8216
4.8243
4.8266
4.8311
4.8317
4.8317
4.8329
4.8367
4.8369
4.8371
4.8383
4.8404
4.8441
4.8481
4.8495
4.8503
4.8507
4.8528
4.8581
4.8589
4.8616
4.8618
4.8629
4.8663
4.8675
4.876
4.877
4.8795
4.883
4.883
4.8836
4.8903
4.8994
4.9068
4.9091
4.9122
4.9137
4.9187
4.9193
4.9194
4.9237
4.9239
4.9242
4.9266
4.9291
4.9297
4.9302
4.9326
4.9328
4.9347
4.9347
4.9358
4.945
4.9483
4.9485
4.9503
4.9504
4.9524
4.9539
4.9587
4.9589
4.9617
4.9645
4.9707
4.9715
4.9769
4.9871
4.9887
4.9899
4.9941
4.9948
4.9998
5.0062
5.0064
5.0077
5.0109
5.0113
5.0117
5.0138
5.0142
5.0196
5.023
5.0236
5.0253
5.0302
5.0321
5.0335
5.0377
5.0388
5.0391
5.0481
5.0502
5.0566
5.0604
5.0621
5.0621
5.0629
5.0638
5.0654
5.0658
5.0742
5.0749
5.0816
5.0874
5.0929
5.0954
5.0975
5.1033
5.1088
5.1181
5.1289
5.1321
5.137
5.138
5.138
5.1531
5.1589
5.1644
5.168
5.1705
5.173
5.1774
5.179
5.1825
5.1859
5.1902
5.1939
5.196
5.2046
5.2048
5.2094
5.2143
5.2182
5.2206
5.2208
5.2307
5.2324
5.2524
5.2615
5.2732
5.2821
5.295
5.2966
5.32
5.3275
5.3358
5.3404
5.3549
5.3585
5.366
5.3906
5.3963
5.4043
5.4073
5.4254
5.4514
5.4608
5.507
5.5438
